list( num = c(1, 5, 6, 4, 4, 4, 5, 6, 3, 7, 
2, 6, 7, 9, 3, 4, 7, 4, 5, 5, 
6, 5, 7, 6, 6, 7, 7, 6, 5, 4, 
5, 5, 7, 3, 2, 4, 7, 6, 5, 4, 
5, 5, 5, 6, 5, 4, 4, 6, 2, 8, 
7, 7, 5, 5, 7, 5, 6, 6, 7, 5, 
5, 9, 9, 6, 7, 7, 4, 7, 4, 7, 
9, 5, 10, 4, 7, 8, 3, 5, 6, 7, 
7, 6, 6, 8, 4, 2, 6
),
adj = c(
86, 
64, 56, 46, 38, 3, 
56, 38, 27, 23, 21, 2, 
56, 40, 35, 21, 
76, 54, 48, 41, 
57, 39, 36, 14, 
63, 62, 53, 26, 25, 
81, 65, 53, 52, 33, 26, 
76, 41, 32, 
76, 59, 55, 43, 42, 32, 22, 
74, 45, 
62, 58, 57, 37, 14, 13, 
83, 62, 58, 57, 37, 25, 12, 
87, 68, 57, 39, 37, 36, 24, 12, 6, 
40, 27, 21, 
68, 67, 36, 17, 
78, 73, 67, 49, 45, 44, 16, 
84, 71, 51, 50, 
86, 85, 71, 34, 20, 
85, 84, 73, 71, 19, 
56, 40, 27, 15, 4, 3, 
66, 46, 43, 42, 10, 
81, 64, 52, 38, 28, 27, 3, 
87, 84, 73, 68, 44, 14, 
83, 82, 63, 62, 13, 7, 
75, 70, 62, 53, 33, 8, 7, 
38, 29, 28, 23, 21, 15, 3, 
81, 33, 30, 29, 27, 23, 
75, 60, 30, 28, 27, 
75, 33, 29, 28, 
79, 71, 61, 60, 51, 
76, 43, 41, 10, 9, 
81, 75, 70, 30, 28, 26, 8, 
71, 61, 19, 
40, 4, 
68, 16, 14, 6, 
87, 84, 62, 50, 14, 13, 12, 
64, 56, 27, 23, 3, 2, 
72, 58, 57, 14, 6, 
35, 21, 15, 4, 
76, 54, 32, 9, 5, 
66, 59, 43, 22, 10, 
76, 42, 32, 22, 10, 
78, 73, 68, 67, 24, 17, 
78, 74, 73, 17, 11, 
66, 64, 22, 2, 
83, 82, 72, 48, 
82, 63, 55, 54, 47, 5, 
78, 17, 
87, 84, 71, 69, 62, 51, 37, 18, 
79, 71, 70, 69, 50, 31, 18, 
81, 80, 66, 65, 64, 23, 8, 
65, 63, 26, 8, 7, 
76, 55, 48, 41, 5, 
80, 76, 63, 59, 54, 48, 10, 
38, 21, 4, 3, 2, 
58, 39, 14, 13, 12, 6, 
83, 72, 57, 39, 13, 12, 
80, 66, 65, 63, 55, 42, 10, 
79, 75, 61, 31, 29, 
79, 71, 60, 34, 31, 
70, 69, 50, 37, 26, 25, 13, 12, 7, 
82, 80, 65, 59, 55, 53, 48, 25, 7, 
66, 52, 46, 38, 23, 2, 
81, 80, 63, 59, 53, 52, 8, 
80, 64, 59, 52, 46, 42, 22, 
68, 44, 17, 16, 
87, 67, 44, 36, 24, 16, 14, 
70, 62, 51, 50, 
79, 75, 69, 62, 51, 33, 26, 
84, 61, 51, 50, 34, 31, 20, 19, 18, 
83, 82, 58, 47, 39, 
85, 84, 78, 77, 74, 45, 44, 24, 20, 17, 
77, 73, 45, 11, 
79, 70, 60, 33, 30, 29, 26, 
55, 54, 43, 41, 32, 10, 9, 5, 
85, 74, 73, 
73, 49, 45, 44, 17, 
75, 70, 61, 60, 51, 31, 
81, 66, 65, 63, 59, 55, 52, 
80, 65, 52, 33, 28, 23, 8, 
83, 72, 63, 48, 47, 25, 
82, 72, 58, 47, 25, 13, 
87, 73, 71, 50, 37, 24, 20, 18, 
77, 73, 20, 19, 
19, 1, 
84, 68, 50, 37, 24, 14
),
sumNumNeigh = 482)